fadsf
col 20
row 20
-1 -1 -1 -1 -1 -1 -1 -1 -1 -1 -1 -1 -1 -1 -1 -1 -1 -1 -1 -1 
9 -1 8 -1 8 -1 8 -1 8 -1 8 -1 8 -1 8 -1 8 -1 12 -1 
-1 -1 -1 -1 -1 -1 -1 -1 -1 -1 -1 -1 -1 2 2 2 2 2 -1 -1 
7 -1 -1 -1 -1 -1 -1 -1 -1 -1 -1 -1 -1 2 2 2 2 2 7 -1 
-1 -1 -1 -1 -1 -1 -1 -1 -1 -1 -1 -1 2 2 2 2 2 2 -1 -1 
7 -1 40 -1 -1 32 -1 -1 -1 -1 -1 -1 -1 2 2 2 2 2 7 -1 
-1 -1 -1 -1 -1 -1 -1 -1 -1 -1 -1 -1 -1 2 2 2 2 2 -1 -1 
7 -1 40 -1 -1 -1 -1 -1 -1 -1 -1 -1 -1 2 2 2 2 2 7 -1 
-1 -1 -1 63 -1 -1 -1 -1 -1 -1 -1 66 2 2 2 2 2 2 -1 -1 
7 -1 40 -1 -1 -1 -1 -1 -1 -1 -1 -1 -1 2 2 2 2 2 7 -1 
-1 -1 -1 -1 -1 -1 -1 -1 -1 -1 -1 -1 -1 -1 -1 -1 -1 2 -1 -1 
7 -1 40 -1 58 -1 -1 -1 -1 -1 -1 -1 -1 2 2 2 2 2 7 -1 
-1 -1 40 -1 -1 -1 -1 -1 -1 -1 -1 -1 -1 2 2 2 2 2 -1 -1 
7 -1 -1 -1 -1 -1 -1 -1 -1 -1 -1 -1 -1 2 2 2 2 2 7 -1 
-1 -1 40 -1 -1 -1 -1 -1 28 -1 -1 -1 -1 2 2 2 2 2 -1 -1 
7 -1 -1 -1 46 2 2 2 2 2 2 2 2 2 2 2 2 2 7 -1 
-1 -1 40 2 2 2 2 2 2 2 2 2 2 2 2 2 2 2 -1 -1 
7 -1 2 2 2 35 35 35 35 35 35 2 2 2 2 2 2 2 7 -1 
-1 -1 -1 -1 -1 -1 -1 -1 -1 -1 -1 -1 -1 -1 -1 -1 -1 -1 -1 -1 
10 -1 8 -1 8 -1 8 -1 8 -1 8 -1 8 -1 8 -1 8 -1 11 -1 
