30
Police Car.002_0,0,0,120,120,0.5,0.5,
Police Car.002_1,120,0,240,120,0.5,0.5,
Police Car.002_2,240,0,360,120,0.5,0.5,
Police Car.002_3,360,0,480,120,0.5,0.5,
Police Car.002_4,480,0,600,120,0.5,0.5,
Police Car.002_5,600,0,720,120,0.5,0.5,
Police Car.002_6,0,120,120,240,0.5,0.5,
Police Car.002_7,120,120,240,240,0.5,0.5,
Police Car.002_8,240,120,360,240,0.5,0.5,
Police Car.002_9,360,120,480,240,0.5,0.5,
Police Car.002_10,480,120,600,240,0.5,0.5,
Police Car.002_11,600,120,720,240,0.5,0.5,
Police Car.002_12,0,240,120,360,0.5,0.5,
Police Car.002_13,120,240,240,360,0.5,0.5,
Police Car.002_14,240,240,360,360,0.5,0.5,
Police Car.002_15,360,240,480,360,0.5,0.5,
Police Car.002_16,480,240,600,360,0.5,0.5,
Police Car.002_17,600,240,720,360,0.5,0.5,
Police Car.002_18,0,360,120,480,0.5,0.5,
Police Car.002_19,120,360,240,480,0.5,0.5,
Police Car.002_20,240,360,360,480,0.5,0.5,
Police Car.002_21,360,360,480,480,0.5,0.5,
Police Car.002_22,480,360,600,480,0.5,0.5,
Police Car.002_23,600,360,720,480,0.5,0.5,
Police Car.002_24,0,480,120,600,0.5,0.5,
Police Car.002_25,120,480,240,600,0.5,0.5,
Police Car.002_26,240,480,360,600,0.5,0.5,
Police Car.002_27,360,480,480,600,0.5,0.5,
Police Car.002_28,480,480,600,600,0.5,0.5,
Police Car.002_29,600,480,720,600,0.5,0.5,
